Filename,TP,FP,FN,recall,precision,f_measure,power,average_time_per_run
simu_naive_3snp_0_75_52genos.txt,0,99,0,0.0,0.0,1.0,0.0,0.19503618240356446
simu_naive_3snp_0_75_39genos.txt,0,99,0,0.0,0.0,1.0,0.0,0.18347646713256835
simu_naive_3snp_0_75_77genos.txt,0,99,0,0.0,0.0,1.0,0.0,0.19139198780059816
simu_naive_3snp_0_75_95genos.txt,0,99,0,0.0,0.0,1.0,0.0,0.20334559679031372
simu_naive_3snp_0_75_40genos.txt,0,99,0,0.0,0.0,1.0,0.0,0.24460266828536986
simu_naive_3snp_0_75_79genos.txt,0,99,0,0.0,0.0,1.0,0.0,0.25755671262741087
simu_naive_3snp_0_75_93genos.txt,0,99,0,0.0,0.0,1.0,0.0,0.2514600443840027
simu_naive_3snp_0_75_91genos.txt,0,99,0,0.0,0.0,1.0,0.0,0.24804508447647095
simu_naive_3snp_0_75_61genos.txt,0,99,0,0.0,0.0,1.0,0.0,0.2426982069015503
simu_naive_3snp_0_75_82genos.txt,0,99,0,0.0,0.0,1.0,0.0,0.238321213722229
simu_naive_3snp_0_75_29genos.txt,0,99,0,0.0,0.0,1.0,0.0,0.23712141275405885
simu_naive_3snp_0_75_41genos.txt,0,99,0,0.0,0.0,1.0,0.0,0.24381895780563353
simu_naive_3snp_0_75_37genos.txt,0,99,0,0.0,0.0,1.0,0.0,0.25043012380599977
simu_naive_3snp_0_75_67genos.txt,0,99,0,0.0,0.0,1.0,0.0,0.25455336093902586
simu_naive_3snp_0_75_90genos.txt,0,99,0,0.0,0.0,1.0,0.0,0.20630563259124757
simu_naive_3snp_0_75_59genos.txt,0,99,0,0.0,0.0,1.0,0.0,0.17216899633407592
simu_naive_3snp_0_75_27genos.txt,0,99,0,0.0,0.0,1.0,0.0,0.17834197521209716
simu_naive_3snp_0_75_66genos.txt,0,99,0,0.0,0.0,1.0,0.0,0.16998355627059936
simu_naive_3snp_0_75_85genos.txt,0,99,0,0.0,0.0,1.0,0.0,0.17416637420654296
simu_naive_3snp_0_75_54genos.txt,0,99,0,0.0,0.0,1.0,0.0,0.17389360189437866
simu_naive_3snp_0_75_26genos.txt,0,99,0,0.0,0.0,1.0,0.0,0.18153434753417969
simu_naive_3snp_0_75_42genos.txt,0,99,0,0.0,0.0,1.0,0.0,0.17896319389343263
simu_naive_3snp_0_75_19genos.txt,0,99,0,0.0,0.0,1.0,0.0,0.183201425075531
simu_naive_3snp_0_75_44genos.txt,0,99,0,0.0,0.0,1.0,0.0,0.17921247959136963
simu_naive_3snp_0_75_5genos.txt,0,99,0,0.0,0.0,1.0,0.0,0.1842452096939087
simu_naive_3snp_0_75_13genos.txt,0,99,0,0.0,0.0,1.0,0.0,0.17470657110214233
simu_naive_3snp_0_75_45genos.txt,0,99,0,0.0,0.0,1.0,0.0,0.17070223331451417
simu_naive_3snp_0_75_97genos.txt,0,99,0,0.0,0.0,1.0,0.0,0.17009632110595704
simu_naive_3snp_0_75_9genos.txt,0,99,0,0.0,0.0,1.0,0.0,0.17425578355789184
simu_naive_3snp_0_75_65genos.txt,0,99,0,0.0,0.0,1.0,0.0,0.1764211845397949
simu_naive_3snp_0_75_56genos.txt,0,99,0,0.0,0.0,1.0,0.0,0.17944713830947875
simu_naive_3snp_0_75_58genos.txt,0,99,0,0.0,0.0,1.0,0.0,0.17824920177459716
simu_naive_3snp_0_75_23genos.txt,0,99,0,0.0,0.0,1.0,0.0,0.1683430027961731
simu_naive_3snp_0_75_98genos.txt,0,99,0,0.0,0.0,1.0,0.0,0.1741701078414917
simu_naive_3snp_0_75_68genos.txt,0,99,0,0.0,0.0,1.0,0.0,0.17416802167892456
simu_naive_3snp_0_75_4genos.txt,0,99,0,0.0,0.0,1.0,0.0,0.1664007019996643
simu_naive_3snp_0_75_87genos.txt,0,99,0,0.0,0.0,1.0,0.0,0.18624239206314086
simu_naive_3snp_0_75_64genos.txt,0,99,0,0.0,0.0,1.0,0.0,0.17625172376632692
simu_naive_3snp_0_75_88genos.txt,0,99,0,0.0,0.0,1.0,0.0,0.1761971926689148
simu_naive_3snp_0_75_92genos.txt,0,99,0,0.0,0.0,1.0,0.0,0.17907239198684693
simu_naive_3snp_0_75_46genos.txt,0,99,0,0.0,0.0,1.0,0.0,0.16902382135391236
simu_naive_3snp_0_75_17genos.txt,0,99,0,0.0,0.0,1.0,0.0,0.17630366563796998
simu_naive_3snp_0_75_34genos.txt,0,99,0,0.0,0.0,1.0,0.0,0.1836371159553528
simu_naive_3snp_0_75_89genos.txt,0,99,0,0.0,0.0,1.0,0.0,0.1842341709136963
simu_naive_3snp_0_75_63genos.txt,0,99,0,0.0,0.0,1.0,0.0,0.18427935361862183
simu_naive_3snp_0_75_24genos.txt,0,99,0,0.0,0.0,1.0,0.0,0.1906358480453491
simu_naive_3snp_0_75_25genos.txt,0,99,0,0.0,0.0,1.0,0.0,0.1675736141204834
simu_naive_3snp_0_75_30genos.txt,0,99,0,0.0,0.0,1.0,0.0,0.1911255931854248
simu_naive_3snp_0_75_3genos.txt,0,99,0,0.0,0.0,1.0,0.0,0.18028082370758056
simu_naive_3snp_0_75_84genos.txt,0,99,0,0.0,0.0,1.0,0.0,0.17414430856704713
simu_naive_3snp_0_75_76genos.txt,0,99,0,0.0,0.0,1.0,0.0,0.17879754304885864
simu_naive_3snp_0_75_48genos.txt,0,99,0,0.0,0.0,1.0,0.0,0.18380884408950807
simu_naive_3snp_0_75_32genos.txt,0,99,0,0.0,0.0,1.0,0.0,0.17383504629135133
simu_naive_3snp_0_75_12genos.txt,0,99,0,0.0,0.0,1.0,0.0,0.1873201012611389
simu_naive_3snp_0_75_43genos.txt,0,99,0,0.0,0.0,1.0,0.0,0.1836095356941223
simu_naive_3snp_0_75_28genos.txt,0,99,0,0.0,0.0,1.0,0.0,0.1787562346458435
simu_naive_3snp_0_75_14genos.txt,0,99,0,0.0,0.0,1.0,0.0,0.17063441276550292
simu_naive_3snp_0_75_18genos.txt,0,99,0,0.0,0.0,1.0,0.0,0.17686564445495606
simu_naive_3snp_0_75_31genos.txt,0,99,0,0.0,0.0,1.0,0.0,0.1832205033302307
simu_naive_3snp_0_75_21genos.txt,0,99,0,0.0,0.0,1.0,0.0,0.18696531772613526
simu_naive_3snp_0_75_57genos.txt,0,99,0,0.0,0.0,1.0,0.0,0.1832047963142395
simu_naive_3snp_0_75_2genos.txt,0,99,0,0.0,0.0,1.0,0.0,0.18145406484603882
simu_naive_3snp_0_75_71genos.txt,0,99,0,0.0,0.0,1.0,0.0,0.18293352365493776
simu_naive_3snp_0_75_20genos.txt,0,99,0,0.0,0.0,1.0,0.0,0.2172522759437561
simu_naive_3snp_0_75_94genos.txt,0,99,0,0.0,0.0,1.0,0.0,0.16797347307205202
simu_naive_3snp_0_75_86genos.txt,0,99,0,0.0,0.0,1.0,0.0,0.19383726119995118
simu_naive_3snp_0_75_96genos.txt,0,99,0,0.0,0.0,1.0,0.0,0.18321927547454833
simu_naive_3snp_0_75_83genos.txt,0,99,0,0.0,0.0,1.0,0.0,0.18129724264144897
simu_naive_3snp_0_75_47genos.txt,0,99,0,0.0,0.0,1.0,0.0,0.1844300866127014
simu_naive_3snp_0_75_38genos.txt,0,99,0,0.0,0.0,1.0,0.0,0.1840019154548645
simu_naive_3snp_0_75_73genos.txt,0,99,0,0.0,0.0,1.0,0.0,0.17532360792160034
simu_naive_3snp_0_75_11genos.txt,0,99,0,0.0,0.0,1.0,0.0,0.17629902839660644
simu_naive_3snp_0_75_51genos.txt,0,99,0,0.0,0.0,1.0,0.0,0.18726516962051393
simu_naive_3snp_0_75_55genos.txt,0,99,0,0.0,0.0,1.0,0.0,0.2025935196876526
simu_naive_3snp_0_75_81genos.txt,0,99,0,0.0,0.0,1.0,0.0,0.1824435043334961
simu_naive_3snp_0_75_16genos.txt,0,99,0,0.0,0.0,1.0,0.0,0.1765069532394409
simu_naive_3snp_0_75_7genos.txt,0,99,0,0.0,0.0,1.0,0.0,0.18629153013229371
simu_naive_3snp_0_75_69genos.txt,0,99,0,0.0,0.0,1.0,0.0,0.17175719261169434
simu_naive_3snp_0_75_10genos.txt,0,99,0,0.0,0.0,1.0,0.0,0.17477769136428833
simu_naive_3snp_0_75_6genos.txt,0,99,0,0.0,0.0,1.0,0.0,0.17600489377975465
simu_naive_3snp_0_75_8genos.txt,0,99,0,0.0,0.0,1.0,0.0,0.19135109901428224
simu_naive_3snp_0_75_35genos.txt,0,99,0,0.0,0.0,1.0,0.0,0.18480398178100585
simu_naive_3snp_0_75_72genos.txt,0,99,0,0.0,0.0,1.0,0.0,0.17866267919540404
simu_naive_3snp_0_75_74genos.txt,0,99,0,0.0,0.0,1.0,0.0,0.18013811349868775
simu_naive_3snp_0_75_49genos.txt,0,99,0,0.0,0.0,1.0,0.0,0.1871102738380432
simu_naive_3snp_0_75_75genos.txt,0,99,0,0.0,0.0,1.0,0.0,0.17563191890716554
simu_naive_3snp_0_75_62genos.txt,0,99,0,0.0,0.0,1.0,0.0,0.17892224550247193
simu_naive_3snp_0_75_60genos.txt,0,99,0,0.0,0.0,1.0,0.0,0.18664381504058838
simu_naive_3snp_0_75_99genos.txt,0,99,0,0.0,0.0,1.0,0.0,0.17456677436828613
simu_naive_3snp_0_75_50genos.txt,0,99,0,0.0,0.0,1.0,0.0,0.17417746067047118
simu_naive_3snp_0_75_80genos.txt,0,99,0,0.0,0.0,1.0,0.0,0.17231716394424437
simu_naive_3snp_0_75_33genos.txt,0,99,0,0.0,0.0,1.0,0.0,0.18017191171646119
simu_naive_3snp_0_75_36genos.txt,0,99,0,0.0,0.0,1.0,0.0,0.19503947973251343
simu_naive_3snp_0_75_78genos.txt,0,99,0,0.0,0.0,1.0,0.0,0.1839299726486206
simu_naive_3snp_0_75_100genos.txt,0,99,0,0.0,0.0,1.0,0.0,0.1925458765029907
simu_naive_3snp_0_75_15genos.txt,0,99,0,0.0,0.0,1.0,0.0,0.19118620634078978
simu_naive_3snp_0_75_1genos.txt,0,99,0,0.0,0.0,1.0,0.0,0.17524603128433228
simu_naive_3snp_0_75_22genos.txt,0,99,0,0.0,0.0,1.0,0.0,0.18507445812225343
simu_naive_3snp_0_75_53genos.txt,0,99,0,0.0,0.0,1.0,0.0,0.19597376585006715
simu_naive_3snp_0_75_70genos.txt,0,99,0,0.0,0.0,1.0,0.0,0.19440795421600343
### Total evaluation time : 1880.0560314655304