Filename,TP,FP,FN,recall,precision,f_measure,power,average_time_per_run
simu_naive_3snp_0_5_53genos.txt,0,99,0,0.0,0.0,1.0,0.0,0.41454167127609254
simu_naive_3snp_0_5_97genos.txt,0,99,0,0.0,0.0,1.0,0.0,0.41306320190429685
simu_naive_3snp_0_5_72genos.txt,0,99,0,0.0,0.0,1.0,0.0,0.4171862506866455
simu_naive_3snp_0_5_91genos.txt,0,99,0,0.0,0.0,1.0,0.0,0.41795660972595217
simu_naive_3snp_0_5_28genos.txt,0,99,0,0.0,0.0,1.0,0.0,0.4157474732398987
simu_naive_3snp_0_5_83genos.txt,0,99,0,0.0,0.0,1.0,0.0,0.41566981077194215
simu_naive_3snp_0_5_40genos.txt,0,99,0,0.0,0.0,1.0,0.0,0.4116265392303467
simu_naive_3snp_0_5_48genos.txt,0,99,0,0.0,0.0,1.0,0.0,0.4131255602836609
simu_naive_3snp_0_5_16genos.txt,0,99,0,0.0,0.0,1.0,0.0,0.4191174292564392
simu_naive_3snp_0_5_47genos.txt,0,99,0,0.0,0.0,1.0,0.0,0.41678168773651125
simu_naive_3snp_0_5_15genos.txt,0,99,0,0.0,0.0,1.0,0.0,0.4153361558914185
simu_naive_3snp_0_5_33genos.txt,0,99,0,0.0,0.0,1.0,0.0,0.41427762746810914
simu_naive_3snp_0_5_56genos.txt,0,99,0,0.0,0.0,1.0,0.0,0.41799148082733156
simu_naive_3snp_0_5_1genos.txt,0,99,0,0.0,0.0,1.0,0.0,0.41989052534103394
simu_naive_3snp_0_5_52genos.txt,0,99,0,0.0,0.0,1.0,0.0,0.4149073576927185
simu_naive_3snp_0_5_23genos.txt,0,99,0,0.0,0.0,1.0,0.0,0.4144269847869873
simu_naive_3snp_0_5_60genos.txt,0,99,0,0.0,0.0,1.0,0.0,0.41863672971725463
simu_naive_3snp_0_5_50genos.txt,0,99,0,0.0,0.0,1.0,0.0,0.41300108909606936
simu_naive_3snp_0_5_6genos.txt,0,99,0,0.0,0.0,1.0,0.0,0.41631858587265014
simu_naive_3snp_0_5_36genos.txt,0,99,0,0.0,0.0,1.0,0.0,0.4126796936988831
simu_naive_3snp_0_5_92genos.txt,0,99,0,0.0,0.0,1.0,0.0,0.4172190761566162
simu_naive_3snp_0_5_19genos.txt,0,99,0,0.0,0.0,1.0,0.0,0.41606458425521853
simu_naive_3snp_0_5_78genos.txt,0,99,0,0.0,0.0,1.0,0.0,0.41332101821899414
simu_naive_3snp_0_5_88genos.txt,0,99,0,0.0,0.0,1.0,0.0,0.4123258328437805
simu_naive_3snp_0_5_26genos.txt,0,99,0,0.0,0.0,1.0,0.0,0.4176674485206604
simu_naive_3snp_0_5_80genos.txt,0,99,0,0.0,0.0,1.0,0.0,0.41380278825759886
simu_naive_3snp_0_5_96genos.txt,0,99,0,0.0,0.0,1.0,0.0,0.4246287655830383
simu_naive_3snp_0_5_69genos.txt,0,99,0,0.0,0.0,1.0,0.0,0.4183608412742615
simu_naive_3snp_0_5_79genos.txt,0,99,0,0.0,0.0,1.0,0.0,0.4169827222824097
simu_naive_3snp_0_5_35genos.txt,0,99,0,0.0,0.0,1.0,0.0,0.41702481746673586
simu_naive_3snp_0_5_2genos.txt,0,99,0,0.0,0.0,1.0,0.0,0.41165810108184814
simu_naive_3snp_0_5_64genos.txt,0,99,0,0.0,0.0,1.0,0.0,0.414923689365387
simu_naive_3snp_0_5_30genos.txt,0,99,0,0.0,0.0,1.0,0.0,0.41310795545578005
simu_naive_3snp_0_5_55genos.txt,0,99,0,0.0,0.0,1.0,0.0,0.41909294605255126
simu_naive_3snp_0_5_8genos.txt,0,99,0,0.0,0.0,1.0,0.0,0.41251063346862793
simu_naive_3snp_0_5_4genos.txt,0,99,0,0.0,0.0,1.0,0.0,0.4153905487060547
simu_naive_3snp_0_5_13genos.txt,0,99,0,0.0,0.0,1.0,0.0,0.4146543574333191
simu_naive_3snp_0_5_62genos.txt,0,99,0,0.0,0.0,1.0,0.0,0.4131886410713196
simu_naive_3snp_0_5_3genos.txt,0,99,0,0.0,0.0,1.0,0.0,0.4216655850410461
simu_naive_3snp_0_5_5genos.txt,0,99,0,0.0,0.0,1.0,0.0,0.41558688163757324
simu_naive_3snp_0_5_71genos.txt,0,99,0,0.0,0.0,1.0,0.0,0.4150144600868225
simu_naive_3snp_0_5_93genos.txt,0,99,0,0.0,0.0,1.0,0.0,0.4185787272453308
simu_naive_3snp_0_5_65genos.txt,0,99,0,0.0,0.0,1.0,0.0,0.4159307146072388
simu_naive_3snp_0_5_25genos.txt,0,99,0,0.0,0.0,1.0,0.0,0.41964992046356203
simu_naive_3snp_0_5_67genos.txt,0,99,0,0.0,0.0,1.0,0.0,0.4186862325668335
simu_naive_3snp_0_5_29genos.txt,0,99,0,0.0,0.0,1.0,0.0,0.41326467275619505
simu_naive_3snp_0_5_11genos.txt,0,99,0,0.0,0.0,1.0,0.0,0.4159985876083374
simu_naive_3snp_0_5_44genos.txt,0,99,0,0.0,0.0,1.0,0.0,0.4168628931045532
simu_naive_3snp_0_5_95genos.txt,0,99,0,0.0,0.0,1.0,0.0,0.4163135290145874
simu_naive_3snp_0_5_84genos.txt,0,99,0,0.0,0.0,1.0,0.0,0.41583585023880004
simu_naive_3snp_0_5_17genos.txt,0,99,0,0.0,0.0,1.0,0.0,0.41559656858444216
simu_naive_3snp_0_5_77genos.txt,0,99,0,0.0,0.0,1.0,0.0,0.41645532608032226
simu_naive_3snp_0_5_22genos.txt,0,99,0,0.0,0.0,1.0,0.0,0.41661667585372925
simu_naive_3snp_0_5_81genos.txt,0,99,0,0.0,0.0,1.0,0.0,0.4158804368972778
simu_naive_3snp_0_5_90genos.txt,0,99,0,0.0,0.0,1.0,0.0,0.4195231771469116
simu_naive_3snp_0_5_37genos.txt,0,99,0,0.0,0.0,1.0,0.0,0.4150171494483948
simu_naive_3snp_0_5_73genos.txt,0,99,0,0.0,0.0,1.0,0.0,0.41586286067962647
simu_naive_3snp_0_5_20genos.txt,0,99,0,0.0,0.0,1.0,0.0,0.42024621486663816
simu_naive_3snp_0_5_70genos.txt,0,99,0,0.0,0.0,1.0,0.0,0.4184701442718506
simu_naive_3snp_0_5_58genos.txt,0,99,0,0.0,0.0,1.0,0.0,0.41539567708969116
simu_naive_3snp_0_5_49genos.txt,0,99,0,0.0,0.0,1.0,0.0,0.4187591004371643
simu_naive_3snp_0_5_38genos.txt,0,99,0,0.0,0.0,1.0,0.0,0.4221898031234741
simu_naive_3snp_0_5_7genos.txt,0,99,0,0.0,0.0,1.0,0.0,0.4200164318084717
simu_naive_3snp_0_5_61genos.txt,0,99,0,0.0,0.0,1.0,0.0,0.41013330698013306
simu_naive_3snp_0_5_46genos.txt,0,99,0,0.0,0.0,1.0,0.0,0.4166024088859558
simu_naive_3snp_0_5_76genos.txt,0,99,0,0.0,0.0,1.0,0.0,0.41432207345962524
simu_naive_3snp_0_5_87genos.txt,0,99,0,0.0,0.0,1.0,0.0,0.41791131973266604
simu_naive_3snp_0_5_68genos.txt,0,99,0,0.0,0.0,1.0,0.0,0.4216588044166565
simu_naive_3snp_0_5_18genos.txt,0,99,0,0.0,0.0,1.0,0.0,0.41802062034606935
simu_naive_3snp_0_5_82genos.txt,0,99,0,0.0,0.0,1.0,0.0,0.4128293013572693
simu_naive_3snp_0_5_89genos.txt,0,99,0,0.0,0.0,1.0,0.0,0.4172000789642334
simu_naive_3snp_0_5_45genos.txt,0,99,0,0.0,0.0,1.0,0.0,0.4193305063247681
simu_naive_3snp_0_5_24genos.txt,0,99,0,0.0,0.0,1.0,0.0,0.4124717116355896
simu_naive_3snp_0_5_57genos.txt,0,99,0,0.0,0.0,1.0,0.0,0.4177759265899658
simu_naive_3snp_0_5_100genos.txt,0,99,0,0.0,0.0,1.0,0.0,0.4193278217315674
simu_naive_3snp_0_5_75genos.txt,0,99,0,0.0,0.0,1.0,0.0,0.4148340964317322
simu_naive_3snp_0_5_10genos.txt,0,99,0,0.0,0.0,1.0,0.0,0.4156576681137085
simu_naive_3snp_0_5_63genos.txt,0,99,0,0.0,0.0,1.0,0.0,0.4169348907470703
simu_naive_3snp_0_5_59genos.txt,0,99,0,0.0,0.0,1.0,0.0,0.4176853966712952
simu_naive_3snp_0_5_54genos.txt,0,99,0,0.0,0.0,1.0,0.0,0.41462102413177493
simu_naive_3snp_0_5_9genos.txt,0,99,0,0.0,0.0,1.0,0.0,0.415916953086853
simu_naive_3snp_0_5_99genos.txt,0,99,0,0.0,0.0,1.0,0.0,0.4152975964546204
simu_naive_3snp_0_5_31genos.txt,0,99,0,0.0,0.0,1.0,0.0,0.41741023540496824
simu_naive_3snp_0_5_42genos.txt,0,99,0,0.0,0.0,1.0,0.0,0.4168226981163025
simu_naive_3snp_0_5_51genos.txt,0,99,0,0.0,0.0,1.0,0.0,0.4184072923660278
simu_naive_3snp_0_5_41genos.txt,0,99,0,0.0,0.0,1.0,0.0,0.4137702894210815
simu_naive_3snp_0_5_94genos.txt,0,99,0,0.0,0.0,1.0,0.0,0.41251784801483155
simu_naive_3snp_0_5_66genos.txt,0,99,0,0.0,0.0,1.0,0.0,0.41668089628219607
simu_naive_3snp_0_5_32genos.txt,0,99,0,0.0,0.0,1.0,0.0,0.4174734354019165
simu_naive_3snp_0_5_85genos.txt,0,99,0,0.0,0.0,1.0,0.0,0.41728174448013305
simu_naive_3snp_0_5_74genos.txt,0,99,0,0.0,0.0,1.0,0.0,0.41581412792205813
simu_naive_3snp_0_5_21genos.txt,0,99,0,0.0,0.0,1.0,0.0,0.4150790858268738
simu_naive_3snp_0_5_12genos.txt,0,99,0,0.0,0.0,1.0,0.0,0.4161508345603943
simu_naive_3snp_0_5_86genos.txt,0,99,0,0.0,0.0,1.0,0.0,0.41635326385498045
simu_naive_3snp_0_5_43genos.txt,0,99,0,0.0,0.0,1.0,0.0,0.41675261974334715
simu_naive_3snp_0_5_34genos.txt,0,99,0,0.0,0.0,1.0,0.0,0.4151693654060364
simu_naive_3snp_0_5_39genos.txt,0,99,0,0.0,0.0,1.0,0.0,0.4119890809059143
simu_naive_3snp_0_5_98genos.txt,0,99,0,0.0,0.0,1.0,0.0,0.41941726446151734
simu_naive_3snp_0_5_27genos.txt,0,99,0,0.0,0.0,1.0,0.0,0.4154386115074158
simu_naive_3snp_0_5_14genos.txt,0,99,0,0.0,0.0,1.0,0.0,0.41311346054077147
### Total evaluation time : 4162.189972639084