Filename,TP,FP,FN,recall,precision,f_measure,power,average_time_per_run
simu_naive_2snp_0_5_99genos.txt,0,99,0,0.0,0.0,1.0,0.0,1.0524131894111632
simu_naive_2snp_0_5_5genos.txt,0,99,0,0.0,0.0,1.0,0.0,1.0553953623771668
simu_naive_2snp_0_5_69genos.txt,0,99,0,0.0,0.0,1.0,0.0,1.0600399565696716
simu_naive_2snp_0_5_92genos.txt,0,99,0,0.0,0.0,1.0,0.0,1.0494239926338196
simu_naive_2snp_0_5_41genos.txt,0,99,0,0.0,0.0,1.0,0.0,1.0639545464515685
simu_naive_2snp_0_5_9genos.txt,0,99,0,0.0,0.0,1.0,0.0,1.0600744199752807
simu_naive_2snp_0_5_94genos.txt,0,99,0,0.0,0.0,1.0,0.0,1.0460075569152831
simu_naive_2snp_0_5_98genos.txt,0,99,0,0.0,0.0,1.0,0.0,1.0572539710998534
simu_naive_2snp_0_5_19genos.txt,0,99,0,0.0,0.0,1.0,0.0,1.053257029056549
simu_naive_2snp_0_5_88genos.txt,0,99,0,0.0,0.0,1.0,0.0,1.0574085426330566
simu_naive_2snp_0_5_79genos.txt,0,99,0,0.0,0.0,1.0,0.0,1.0497163558006286
simu_naive_2snp_0_5_27genos.txt,0,99,0,0.0,0.0,1.0,0.0,1.062175703048706
simu_naive_2snp_0_5_85genos.txt,0,99,0,0.0,0.0,1.0,0.0,1.0492125868797302
simu_naive_2snp_0_5_60genos.txt,0,99,0,0.0,0.0,1.0,0.0,1.0634963154792785
simu_naive_2snp_0_5_81genos.txt,0,99,0,0.0,0.0,1.0,0.0,1.0540035700798034
simu_naive_2snp_0_5_24genos.txt,0,99,0,0.0,0.0,1.0,0.0,1.0487703800201416
simu_naive_2snp_0_5_71genos.txt,0,99,0,0.0,0.0,1.0,0.0,1.0561007642745972
simu_naive_2snp_0_5_34genos.txt,0,99,0,0.0,0.0,1.0,0.0,1.0566086316108703
simu_naive_2snp_0_5_1genos.txt,0,99,0,0.0,0.0,1.0,0.0,1.0568467783927917
simu_naive_2snp_0_5_46genos.txt,0,99,0,0.0,0.0,1.0,0.0,1.0680246019363404
simu_naive_2snp_0_5_2genos.txt,0,99,0,0.0,0.0,1.0,0.0,1.0557856416702271
simu_naive_2snp_0_5_15genos.txt,0,99,0,0.0,0.0,1.0,0.0,1.0611541962623596
simu_naive_2snp_0_5_25genos.txt,0,99,0,0.0,0.0,1.0,0.0,1.0556997275352478
simu_naive_2snp_0_5_78genos.txt,0,99,0,0.0,0.0,1.0,0.0,1.0598494172096253
simu_naive_2snp_0_5_73genos.txt,0,99,0,0.0,0.0,1.0,0.0,1.062378647327423
simu_naive_2snp_0_5_26genos.txt,0,99,0,0.0,0.0,1.0,0.0,1.0582691860198974
simu_naive_2snp_0_5_62genos.txt,0,99,0,0.0,0.0,1.0,0.0,1.0601396918296815
simu_naive_2snp_0_5_18genos.txt,0,99,0,0.0,0.0,1.0,0.0,1.0601482534408568
simu_naive_2snp_0_5_48genos.txt,0,99,0,0.0,0.0,1.0,0.0,1.0595490431785584
simu_naive_2snp_0_5_4genos.txt,0,99,0,0.0,0.0,1.0,0.0,1.0551243925094604
simu_naive_2snp_0_5_91genos.txt,0,99,0,0.0,0.0,1.0,0.0,1.0520329785346985
simu_naive_2snp_0_5_49genos.txt,0,99,0,0.0,0.0,1.0,0.0,1.0664979314804077
simu_naive_2snp_0_5_76genos.txt,0,99,0,0.0,0.0,1.0,0.0,1.063016426563263
simu_naive_2snp_0_5_100genos.txt,0,99,0,0.0,0.0,1.0,0.0,1.0576515769958497
simu_naive_2snp_0_5_22genos.txt,0,99,0,0.0,0.0,1.0,0.0,1.0551309847831727
simu_naive_2snp_0_5_30genos.txt,0,99,0,0.0,0.0,1.0,0.0,1.0676428365707398
simu_naive_2snp_0_5_56genos.txt,0,99,0,0.0,0.0,1.0,0.0,1.053285608291626
simu_naive_2snp_0_5_89genos.txt,0,99,0,0.0,0.0,1.0,0.0,1.063864438533783
simu_naive_2snp_0_5_32genos.txt,0,99,0,0.0,0.0,1.0,0.0,1.0602756452560425
simu_naive_2snp_0_5_57genos.txt,0,99,0,0.0,0.0,1.0,0.0,1.0629234290122986
simu_naive_2snp_0_5_74genos.txt,0,99,0,0.0,0.0,1.0,0.0,1.04844988822937
simu_naive_2snp_0_5_47genos.txt,0,99,0,0.0,0.0,1.0,0.0,1.060376844406128
simu_naive_2snp_0_5_87genos.txt,0,99,0,0.0,0.0,1.0,0.0,1.0520566368103028
simu_naive_2snp_0_5_3genos.txt,0,99,0,0.0,0.0,1.0,0.0,1.0622367691993713
simu_naive_2snp_0_5_55genos.txt,0,99,0,0.0,0.0,1.0,0.0,1.0563195872306823
simu_naive_2snp_0_5_42genos.txt,0,99,0,0.0,0.0,1.0,0.0,1.0638139510154725
simu_naive_2snp_0_5_63genos.txt,0,99,0,0.0,0.0,1.0,0.0,1.0620846891403197
simu_naive_2snp_0_5_86genos.txt,0,99,0,0.0,0.0,1.0,0.0,1.054420301914215
simu_naive_2snp_0_5_35genos.txt,0,99,0,0.0,0.0,1.0,0.0,1.0526575231552124
simu_naive_2snp_0_5_12genos.txt,0,99,0,0.0,0.0,1.0,0.0,1.0563628578186035
simu_naive_2snp_0_5_44genos.txt,0,99,0,0.0,0.0,1.0,0.0,1.06422771692276
simu_naive_2snp_0_5_39genos.txt,0,99,0,0.0,0.0,1.0,0.0,1.0548831725120544
simu_naive_2snp_0_5_64genos.txt,0,99,0,0.0,0.0,1.0,0.0,1.0526012682914734
simu_naive_2snp_0_5_17genos.txt,0,99,0,0.0,0.0,1.0,0.0,1.0676333856582643
simu_naive_2snp_0_5_20genos.txt,0,99,0,0.0,0.0,1.0,0.0,1.0561268782615663
simu_naive_2snp_0_5_84genos.txt,0,99,0,0.0,0.0,1.0,0.0,1.0506389141082764
simu_naive_2snp_0_5_72genos.txt,0,99,0,0.0,0.0,1.0,0.0,1.0597991275787353
simu_naive_2snp_0_5_14genos.txt,0,99,0,0.0,0.0,1.0,0.0,1.0606678557395934
simu_naive_2snp_0_5_83genos.txt,0,99,0,0.0,0.0,1.0,0.0,1.0620988297462464
simu_naive_2snp_0_5_36genos.txt,0,99,0,0.0,0.0,1.0,0.0,1.058856906890869
simu_naive_2snp_0_5_38genos.txt,0,99,0,0.0,0.0,1.0,0.0,1.0589534449577331
simu_naive_2snp_0_5_77genos.txt,0,99,0,0.0,0.0,1.0,0.0,1.062774486541748
simu_naive_2snp_0_5_61genos.txt,0,99,0,0.0,0.0,1.0,0.0,1.0979160857200623
simu_naive_2snp_0_5_37genos.txt,0,99,0,0.0,0.0,1.0,0.0,1.0610537600517274
simu_naive_2snp_0_5_31genos.txt,0,99,0,0.0,0.0,1.0,0.0,1.0550355553627013
simu_naive_2snp_0_5_54genos.txt,0,99,0,0.0,0.0,1.0,0.0,1.0502372336387635
simu_naive_2snp_0_5_75genos.txt,0,99,0,0.0,0.0,1.0,0.0,1.0538569045066835
simu_naive_2snp_0_5_16genos.txt,0,99,0,0.0,0.0,1.0,0.0,1.0507953143119813
simu_naive_2snp_0_5_67genos.txt,0,99,0,0.0,0.0,1.0,0.0,1.0641710329055787
simu_naive_2snp_0_5_33genos.txt,0,99,0,0.0,0.0,1.0,0.0,1.0512774181365967
simu_naive_2snp_0_5_97genos.txt,0,99,0,0.0,0.0,1.0,0.0,1.0511830163002014
simu_naive_2snp_0_5_52genos.txt,0,99,0,0.0,0.0,1.0,0.0,1.0521625137329103
simu_naive_2snp_0_5_53genos.txt,0,99,0,0.0,0.0,1.0,0.0,1.0547000455856324
simu_naive_2snp_0_5_65genos.txt,0,99,0,0.0,0.0,1.0,0.0,1.057392020225525
simu_naive_2snp_0_5_28genos.txt,0,99,0,0.0,0.0,1.0,0.0,1.0522498202323913
simu_naive_2snp_0_5_93genos.txt,0,99,0,0.0,0.0,1.0,0.0,1.0520792198181153
simu_naive_2snp_0_5_95genos.txt,0,99,0,0.0,0.0,1.0,0.0,1.053391306400299
simu_naive_2snp_0_5_21genos.txt,0,99,0,0.0,0.0,1.0,0.0,1.0561033391952515
simu_naive_2snp_0_5_40genos.txt,0,99,0,0.0,0.0,1.0,0.0,1.0518427872657776
simu_naive_2snp_0_5_82genos.txt,0,99,0,0.0,0.0,1.0,0.0,1.0634041953086852
simu_naive_2snp_0_5_80genos.txt,0,99,0,0.0,0.0,1.0,0.0,1.0562264180183412
simu_naive_2snp_0_5_43genos.txt,0,99,0,0.0,0.0,1.0,0.0,1.0544149994850158
simu_naive_2snp_0_5_8genos.txt,0,99,0,0.0,0.0,1.0,0.0,1.050315909385681
simu_naive_2snp_0_5_68genos.txt,0,99,0,0.0,0.0,1.0,0.0,1.0521972799301147
simu_naive_2snp_0_5_58genos.txt,0,99,0,0.0,0.0,1.0,0.0,1.0509206986427306
simu_naive_2snp_0_5_50genos.txt,0,99,0,0.0,0.0,1.0,0.0,1.056672875881195
simu_naive_2snp_0_5_90genos.txt,0,99,0,0.0,0.0,1.0,0.0,1.0632991576194764
simu_naive_2snp_0_5_96genos.txt,0,99,0,0.0,0.0,1.0,0.0,1.0569284749031067
simu_naive_2snp_0_5_7genos.txt,0,99,0,0.0,0.0,1.0,0.0,1.0585555148124695
simu_naive_2snp_0_5_11genos.txt,0,99,0,0.0,0.0,1.0,0.0,1.0553878092765807
simu_naive_2snp_0_5_59genos.txt,0,99,0,0.0,0.0,1.0,0.0,1.0624745225906371
simu_naive_2snp_0_5_66genos.txt,0,99,0,0.0,0.0,1.0,0.0,1.0474034786224364
simu_naive_2snp_0_5_51genos.txt,0,99,0,0.0,0.0,1.0,0.0,1.05424471616745
simu_naive_2snp_0_5_13genos.txt,0,99,0,0.0,0.0,1.0,0.0,1.0498803281784057
simu_naive_2snp_0_5_70genos.txt,0,99,0,0.0,0.0,1.0,0.0,1.0540955233573914
simu_naive_2snp_0_5_10genos.txt,0,99,0,0.0,0.0,1.0,0.0,1.053873143196106
simu_naive_2snp_0_5_6genos.txt,0,99,0,0.0,0.0,1.0,0.0,1.054404170513153
simu_naive_2snp_0_5_45genos.txt,0,99,0,0.0,0.0,1.0,0.0,1.059339714050293
simu_naive_2snp_0_5_23genos.txt,0,99,0,0.0,0.0,1.0,0.0,1.0512975335121155
simu_naive_2snp_0_5_29genos.txt,0,99,0,0.0,0.0,1.0,0.0,1.0612269783020019
### Total evaluation time : 10572.076818943024